0.0000000
0.0002865
0.0002865
0.0002865
0.0002865
0.0002866
0.0002866
0.0002867
0.0002868
0.0002869
0.0002869
0.0002870
0.0002872
0.0002873
0.0002874
0.0002876
0.0002877
0.0002879
0.0002881
0.0002883
0.0002885
0.0002887
0.0002889
0.0002891
0.0002894
0.0002896
0.0002899
0.0002902
0.0002905
0.0002908
0.0002911
0.0002914
0.0002917
0.0002921
0.0002924
0.0002928
0.0002932
0.0002936
0.0002940
0.0002944
0.0002949
0.0002953
0.0002958
0.0002963
0.0002968
0.0002973
0.0002978
0.0002983
0.0002989
0.0002994
0.0003000
0.0003006
0.0003012
0.0003018
0.0003025
0.0003031
0.0003038
0.0003045
0.0003052
0.0003059
0.0003067
0.0003075
0.0003082
0.0003090
0.0003098
0.0003107
0.0003115
0.0003124
0.0003133
0.0003143
0.0003152
0.0003162
0.0003172
0.0003182
0.0003192
0.0003202
0.0003213
0.0003225
0.0003236
0.0003248
0.0003260
0.0003272
0.0003284
0.0003297
0.0003310
0.0003324
0.0003337
0.0003352
0.0003366
0.0003381
0.0003396
0.0003412
0.0003428
0.0003444
0.0003461
0.0003478
0.0003496
0.0003514
0.0003532
0.0003551
0.0003571
0.0003591
0.0003612
0.0003633
0.0003655
0.0003677
0.0003701
0.0003724
0.0003749
0.0003774
0.0003800
0.0003827
0.0003854
0.0003883
0.0003912
0.0003942
0.0003974
0.0004006
0.0004039
0.0004074
0.0004110
0.0004147
0.0004185
0.0004225
0.0004266
0.0004309
0.0004354
0.0004400
0.0004448
0.0004499
0.0004551
0.0004606
0.0004663
0.0004723
0.0004785
0.0004851
0.0004920
0.0004993
0.0005069
0.0005150
0.0005236
0.0005326
0.0005422
0.0005524
0.0005633
0.0005749
0.0005874
0.0006009
0.0006154
0.0006311
0.0006482
0.0006669
0.0006874
0.0007102
0.0007355
0.0007640
0.0007962
0.0008332
0.0008762
0.0009270
0.0009882
0.0010639
0.0011609
0.0012916
0.0014813
0.0017946
-0.0682420
0.0017946
0.0014813
0.0012916
0.0011609
0.0010639
0.0009882
0.0009270
0.0008762
0.0008332
0.0007962
0.0007640
0.0007355
0.0007102
0.0006874
0.0006669
0.0006482
0.0006311
0.0006154
0.0006009
0.0005874
0.0005749
0.0005633
0.0005524
0.0005422
0.0005326
0.0005236
0.0005150
0.0005069
0.0004993
0.0004920
0.0004851
0.0004785
0.0004723
0.0004663
0.0004606
0.0004551
0.0004499
0.0004448
0.0004400
0.0004354
0.0004309
0.0004266
0.0004225
0.0004185
0.0004147
0.0004110
0.0004074
0.0004039
0.0004006
0.0003974
0.0003942
0.0003912
0.0003883
0.0003854
0.0003827
0.0003800
0.0003774
0.0003749
0.0003724
0.0003701
0.0003677
0.0003655
0.0003633
0.0003612
0.0003591
0.0003571
0.0003551
0.0003532
0.0003514
0.0003496
0.0003478
0.0003461
0.0003444
0.0003428
0.0003412
0.0003396
0.0003381
0.0003366
0.0003352
0.0003337
0.0003324
0.0003310
0.0003297
0.0003284
0.0003272
0.0003260
0.0003248
0.0003236
0.0003225
0.0003213
0.0003202
0.0003192
0.0003182
0.0003172
0.0003162
0.0003152
0.0003143
0.0003133
0.0003124
0.0003115
0.0003107
0.0003098
0.0003090
0.0003082
0.0003075
0.0003067
0.0003059
0.0003052
0.0003045
0.0003038
0.0003031
0.0003025
0.0003018
0.0003012
0.0003006
0.0003000
0.0002994
0.0002989
0.0002983
0.0002978
0.0002973
0.0002968
0.0002963
0.0002958
0.0002953
0.0002949
0.0002944
0.0002940
0.0002936
0.0002932
0.0002928
0.0002924
0.0002921
0.0002917
0.0002914
0.0002911
0.0002908
0.0002905
0.0002902
0.0002899
0.0002896
0.0002894
0.0002891
0.0002889
0.0002887
0.0002885
0.0002883
0.0002881
0.0002879
0.0002877
0.0002876
0.0002874
0.0002873
0.0002872
0.0002870
0.0002869
0.0002869
0.0002868
0.0002867
0.0002866
0.0002866
0.0002865
0.0002865
0.0002865
0.0002865